#Life 1.06
#Size 100 80
#N corals
#R 3/45678
0 0
0 3
0 8
0 12
0 14
0 15
0 17
0 20
0 22
0 23
0 24
0 25
0 26
0 32
0 35
0 40
0 41
0 42
0 43
0 44
0 46
0 47
0 48
0 52
0 56
0 57
0 62
0 63
0 66
0 67
0 72
0 74
0 75
0 77
0 78
1 1
1 5
1 8
1 13
1 17
1 19
1 20
1 25
1 28
1 30
1 33
1 34
1 37
1 39
1 41
1 42
1 48
1 49
1 50
1 51
1 52
1 55
1 57
1 62
1 63
1 68
1 70
1 73
1 74
1 76
1 77
1 78
2 0
2 5
2 7
2 8
2 9
2 10
2 13
2 15
2 20
2 22
2 26
2 31
2 33
2 35
2 36
2 38
2 43
2 44
2 49
2 55
2 58
2 59
2 60
2 63
2 65
2 68
2 71
2 76
2 77
2 79
3 2
3 5
3 9
3 10
3 12
3 16
3 19
3 21
3 24
3 26
3 27
3 28
3 32
3 35
3 36
3 37
3 38
3 40
3 42
3 45
3 46
3 48
3 54
3 55
3 58
3 63
3 68
3 69
3 71
3 73
3 75
4 4
4 11
4 15
4 17
4 19
4 20
4 23
4 24
4 26
4 28
4 30
4 33
4 34
4 37
4 39
4 41
4 42
4 46
4 48
4 51
4 55
4 57
4 63
4 64
4 72
4 74
4 75
5 0
5 1
5 2
5 4
5 6
5 7
5 8
5 10
5 14
5 16
5 17
5 18
5 19
5 20
5 21
5 23
5 25
5 26
5 27
5 28
5 31
5 33
5 34
5 36
5 37
5 39
5 40
5 41
5 45
5 46
5 55
5 56
5 59
5 60
5 65
5 66
5 68
5 70
5 72
5 76
6 0
6 10
6 11
6 12
6 13
6 14
6 17
6 21
6 22
6 24
6 26
6 27
6 28
6 30
6 31
6 32
6 35
6 36
6 37
6 38
6 40
6 41
6 47
6 50
6 51
6 56
6 58
6 59
6 60
6 62
6 65
6 66
6 70
6 71
6 72
7 1
7 3
7 5
7 7
7 11
7 12
7 17
7 20
7 21
7 25
7 28
7 29
7 31
7 32
7 38
7 39
7 41
7 42
7 46
7 47
7 51
7 52
7 55
7 56
7 61
7 64
7 66
7 67
7 68
7 69
7 72
7 73
7 74
7 78
7 79
8 1
8 2
8 3
8 5
8 7
8 9
8 10
8 13
8 14
8 17
8 20
8 22
8 24
8 25
8 30
8 33
8 34
8 38
8 42
8 45
8 47
8 48
8 50
8 53
8 54
8 55
8 57
8 58
8 60
8 67
8 71
8 72
8 73
8 75
8 76
8 77
8 79
9 1
9 3
9 4
9 7
9 8
9 12
9 13
9 18
9 20
9 23
9 27
9 33
9 37
9 38
9 39
9 40
9 41
9 42
9 44
9 45
9 46
9 47
9 48
9 50
9 55
9 58
9 61
9 63
9 65
9 67
9 68
9 73
9 75
9 76
9 77
10 1
10 6
10 10
10 18
10 21
10 27
10 29
10 30
10 33
10 36
10 41
10 43
10 47
10 51
10 54
10 57
10 58
10 59
10 61
10 64
10 65
10 66
10 68
10 69
10 71
10 73
10 74
10 76
10 78
11 3
11 6
11 7
11 10
11 12
11 14
11 16
11 18
11 19
11 22
11 23
11 25
11 26
11 27
11 28
11 34
11 35
11 37
11 39
11 41
11 44
11 47
11 48
11 51
11 53
11 59
11 60
11 66
11 68
11 70
11 73
11 76
11 78
11 79
12 2
12 4
12 7
12 10
12 12
12 13
12 14
12 15
12 19
12 20
12 23
12 24
12 26
12 32
12 35
12 37
12 44
12 52
12 54
12 56
12 57
12 58
12 62
12 63
12 65
12 67
12 68
12 69
12 73
12 76
12 77
12 79
13 4
13 5
13 7
13 12
13 13
13 14
13 18
13 21
13 25
13 32
13 33
13 35
13 37
13 42
13 45
13 46
13 47
13 50
13 52
13 53
13 56
13 63
13 65
13 70
13 71
13 72
13 74
13 77
13 78
14 7
14 10
14 15
14 19
14 20
14 24
14 25
14 26
14 27
14 29
14 34
14 38
14 45
14 47
14 50
14 52
14 53
14 54
14 59
14 61
14 64
14 65
14 66
14 73
14 78
15 1
15 3
15 5
15 6
15 9
15 12
15 13
15 16
15 17
15 18
15 19
15 24
15 26
15 28
15 29
15 30
15 37
15 38
15 40
15 41
15 42
15 45
15 46
15 51
15 61
15 63
15 65
15 69
15 70
15 71
15 72
15 74
15 76
15 77
16 0
16 1
16 2
16 4
16 10
16 15
16 17
16 21
16 23
16 24
16 32
16 33
16 34
16 35
16 37
16 38
16 40
16 43
16 46
16 47
16 49
16 50
16 51
16 52
16 53
16 56
16 57
16 59
16 60
16 61
16 63
16 68
16 69
16 70
16 74
16 76
16 78
16 79
17 0
17 2
17 3
17 4
17 7
17 9
17 13
17 15
17 19
17 20
17 30
17 31
17 32
17 35
17 36
17 37
17 40
17 43
17 44
17 46
17 51
17 53
17 58
17 61
17 63
17 64
17 66
17 67
17 69
17 70
17 71
17 73
17 76
17 78
18 0
18 4
18 6
18 7
18 8
18 9
18 10
18 12
18 16
18 18
18 19
18 20
18 24
18 26
18 27
18 28
18 32
18 33
18 41
18 42
18 47
18 48
18 52
18 53
18 55
18 57
18 58
18 59
18 61
18 62
18 63
18 65
18 66
18 68
18 73
18 75
18 78
19 1
19 2
19 3
19 5
19 8
19 17
19 20
19 24
19 28
19 30
19 31
19 36
19 37
19 38
19 40
19 49
19 51
19 53
19 54
19 58
19 59
19 61
19 64
19 66
19 68
19 72
19 73
19 77
19 78
20 1
20 4
20 6
20 9
20 11
20 14
20 15
20 16
20 17
20 18
20 22
20 24
20 31
20 37
20 38
20 41
20 42
20 43
20 44
20 48
20 49
20 51
20 52
20 63
20 64
20 66
20 68
20 69
20 71
20 74
20 75
20 76
20 79
21 1
21 2
21 4
21 6
21 7
21 8
21 11
21 12
21 14
21 16
21 17
21 19
21 21
21 22
21 24
21 25
21 27
21 29
21 31
21 36
21 40
21 57
21 62
21 63
21 64
21 65
21 69
21 70
21 76
21 79
22 0
22 1
22 3
22 6
22 11
22 12
22 13
22 14
22 21
22 22
22 25
22 26
22 28
22 29
22 32
22 37
22 39
22 40
22 43
22 44
22 45
22 46
22 48
22 49
22 51
22 55
22 56
22 57
22 59
22 61
22 66
22 68
22 72
22 76
22 77
22 79
23 1
23 3
23 4
23 7
23 9
23 10
23 13
23 14
23 17
23 19
23 21
23 22
23 26
23 28
23 34
23 37
23 38
23 39
23 40
23 41
23 42
23 48
23 49
23 54
23 55
23 59
23 60
23 61
23 62
23 63
23 64
23 67
23 68
23 69
23 70
23 74
23 76
23 79
24 6
24 7
24 9
24 11
24 12
24 14
24 15
24 16
24 22
24 26
24 30
24 31
24 32
24 34
24 40
24 48
24 49
24 52
24 53
24 54
24 56
24 59
24 60
24 61
24 62
24 63
24 64
24 66
24 68
24 70
24 71
24 72
24 73
24 76
24 79
25 2
25 7
25 11
25 15
25 16
25 17
25 18
25 20
25 26
25 29
25 33
25 38
25 39
25 40
25 43
25 48
25 50
25 51
25 55
25 65
25 68
25 69
25 70
25 71
25 73
25 79
26 1
26 2
26 4
26 6
26 7
26 10
26 12
26 13
26 14
26 15
26 16
26 24
26 27
26 28
26 30
26 33
26 36
26 37
26 38
26 40
26 42
26 44
26 45
26 48
26 50
26 51
26 53
26 54
26 57
26 59
26 60
26 64
26 65
26 68
26 71
26 77
26 78
27 0
27 3
27 5
27 7
27 8
27 14
27 15
27 19
27 22
27 23
27 26
27 28
27 29
27 30
27 31
27 33
27 35
27 40
27 41
27 42
27 43
27 44
27 45
27 46
27 47
27 48
27 49
27 51
27 54
27 57
27 58
27 59
27 60
27 62
27 66
27 67
27 72
27 74
27 78
27 79
28 1
28 2
28 4
28 6
28 7
28 8
28 12
28 15
28 21
28 22
28 23
28 24
28 25
28 27
28 31
28 32
28 34
28 35
28 36
28 38
28 40
28 41
28 42
28 43
28 44
28 45
28 46
28 51
28 58
28 59
28 60
28 61
28 62
28 63
28 64
28 65
28 66
28 71
28 77
28 79
29 0
29 1
29 3
29 5
29 6
29 7
29 12
29 13
29 14
29 16
29 19
29 20
29 21
29 23
29 24
29 26
29 27
29 28
29 29
29 30
29 31
29 34
29 35
29 36
29 38
29 39
29 41
29 42
29 46
29 48
29 49
29 52
29 53
29 55
29 57
29 59
29 65
29 66
29 67
29 70
29 73
29 75
29 78
30 1
30 3
30 6
30 11
30 12
30 13
30 15
30 19
30 22
30 24
30 25
30 26
30 27
30 29
30 30
30 31
30 41
30 48
30 49
30 50
30 52
30 57
30 60
30 62
30 64
30 68
30 69
30 71
30 73
31 5
31 11
31 13
31 14
31 15
31 18
31 20
31 23
31 25
31 26
31 29
31 31
31 33
31 36
31 37
31 43
31 46
31 49
31 51
31 53
31 55
31 59
31 61
31 63
31 65
31 66
31 69
31 72
31 73
31 77
31 79
32 3
32 4
32 13
32 15
32 16
32 17
32 18
32 21
32 23
32 27
32 29
32 35
32 37
32 41
32 42
32 43
32 44
32 45
32 52
32 56
32 58
32 63
32 64
32 66
32 68
32 70
32 76
32 77
32 78
32 79
33 7
33 10
33 11
33 16
33 18
33 20
33 22
33 29
33 31
33 32
33 35
33 36
33 40
33 48
33 51
33 53
33 56
33 61
33 67
33 71
33 73
33 74
33 75
34 0
34 2
34 3
34 7
34 8
34 9
34 10
34 11
34 12
34 15
34 16
34 17
34 21
34 22
34 23
34 25
34 27
34 32
34 33
34 36
34 37
34 38
34 39
34 41
34 42
34 43
34 44
34 46
34 47
34 49
34 52
34 53
34 55
34 58
34 59
34 60
34 61
34 62
34 64
34 68
34 69
34 70
34 74
34 75
34 76
35 0
35 6
35 7
35 10
35 11
35 12
35 13
35 15
35 20
35 25
35 28
35 29
35 31
35 37
35 38
35 42
35 43
35 45
35 46
35 48
35 49
35 51
35 57
35 58
35 59
35 63
35 66
35 67
35 68
35 69
35 72
35 75
35 77
36 0
36 1
36 7
36 8
36 13
36 15
36 16
36 17
36 18
36 19
36 20
36 21
36 22
36 23
36 26
36 27
36 33
36 37
36 39
36 40
36 41
36 44
36 47
36 48
36 50
36 52
36 55
36 60
36 63
36 64
36 67
36 68
36 69
36 70
36 71
36 73
36 74
37 0
37 3
37 12
37 14
37 16
37 17
37 21
37 22
37 25
37 28
37 31
37 32
37 35
37 37
37 39
37 40
37 42
37 43
37 51
37 52
37 55
37 60
37 63
37 64
37 65
37 67
37 68
37 72
37 74
37 77
37 78
38 0
38 1
38 3
38 9
38 10
38 12
38 13
38 14
38 15
38 21
38 22
38 23
38 24
38 26
38 28
38 29
38 35
38 39
38 40
38 41
38 45
38 46
38 47
38 48
38 53
38 54
38 57
38 58
38 61
38 62
38 64
38 65
38 66
38 67
38 70
38 71
38 73
38 74
38 75
38 77
38 78
39 0
39 7
39 8
39 9
39 10
39 16
39 17
39 18
39 19
39 20
39 22
39 24
39 27
39 31
39 32
39 33
39 34
39 35
39 39
39 44
39 51
39 53
39 54
39 55
39 57
39 58
39 64
39 65
39 67
39 68
39 69
39 74
39 77
40 2
40 3
40 5
40 8
40 11
40 12
40 14
40 15
40 16
40 17
40 20
40 21
40 24
40 26
40 28
40 29
40 30
40 31
40 34
40 35
40 36
40 37
40 42
40 43
40 49
40 53
40 60
40 62
40 67
40 68
40 69
40 70
40 72
40 79
41 3
41 4
41 5
41 13
41 14
41 15
41 16
41 20
41 21
41 22
41 24
41 27
41 28
41 29
41 30
41 33
41 37
41 39
41 42
41 44
41 47
41 48
41 50
41 51
41 52
41 55
41 56
41 57
41 59
41 64
41 65
41 68
41 69
41 74
41 77
42 4
42 6
42 10
42 12
42 13
42 18
42 20
42 24
42 26
42 27
42 39
42 40
42 41
42 44
42 45
42 47
42 49
42 52
42 62
42 63
42 64
42 66
42 71
42 73
42 74
42 75
42 77
42 79
43 0
43 5
43 9
43 11
43 12
43 13
43 18
43 19
43 21
43 23
43 27
43 29
43 30
43 36
43 37
43 39
43 42
43 44
43 45
43 46
43 47
43 49
43 50
43 64
43 69
43 72
43 74
43 75
43 78
43 79
44 0
44 2
44 5
44 7
44 9
44 10
44 12
44 13
44 15
44 16
44 20
44 28
44 31
44 39
44 42
44 46
44 49
44 56
44 60
44 63
44 70
44 72
44 75
44 76
44 77
45 3
45 4
45 13
45 14
45 15
45 16
45 17
45 18
45 21
45 22
45 24
45 27
45 30
45 31
45 35
45 37
45 39
45 40
45 42
45 43
45 44
45 46
45 52
45 53
45 60
45 63
45 65
45 67
45 68
45 69
45 71
45 72
45 73
45 75
45 76
46 0
46 6
46 11
46 17
46 20
46 24
46 25
46 35
46 39
46 42
46 44
46 47
46 48
46 49
46 53
46 59
46 61
46 65
46 66
46 74
46 77
46 79
47 5
47 6
47 8
47 9
47 10
47 12
47 14
47 15
47 27
47 28
47 29
47 33
47 38
47 39
47 45
47 49
47 51
47 52
47 56
47 58
47 60
47 61
47 62
47 63
47 65
47 69
47 70
47 79
48 1
48 2
48 5
48 6
48 15
48 18
48 21
48 23
48 25
48 26
48 27
48 28
48 33
48 35
48 36
48 37
48 40
48 43
48 45
48 50
48 51
48 54
48 56
48 58
48 63
48 65
48 70
48 71
48 76
48 77
49 2
49 7
49 9
49 16
49 17
49 19
49 20
49 22
49 25
49 30
49 34
49 38
49 39
49 40
49 42
49 45
49 49
49 52
49 53
49 54
49 57
49 59
49 60
49 61
49 63
49 64
49 67
49 68
49 72
49 73
49 77
49 79
50 4
50 5
50 6
50 7
50 8
50 9
50 12
50 14
50 17
50 19
50 22
50 23
50 24
50 27
50 30
50 32
50 33
50 34
50 36
50 37
50 39
50 40
50 45
50 49
50 50
50 52
50 58
50 59
50 62
50 65
50 67
50 71
50 73
50 76
50 78
50 79
51 9
51 10
51 14
51 15
51 17
51 22
51 23
51 26
51 28
51 30
51 36
51 52
51 58
51 64
51 65
51 66
51 71
51 73
51 74
51 78
52 0
52 2
52 5
52 6
52 8
52 12
52 14
52 16
52 18
52 19
52 20
52 22
52 23
52 24
52 25
52 26
52 27
52 28
52 30
52 35
52 40
52 42
52 45
52 47
52 49
52 53
52 56
52 57
52 60
52 62
52 63
52 64
52 65
52 67
52 68
52 71
52 72
52 73
52 75
53 0
53 1
53 4
53 6
53 7
53 8
53 9
53 16
53 24
53 25
53 26
53 29
53 30
53 31
53 34
53 36
53 40
53 43
53 48
53 49
53 50
53 51
53 56
53 62
53 65
53 66
53 68
53 71
53 73
53 74
53 77
53 79
54 0
54 1
54 2
54 4
54 9
54 12
54 13
54 17
54 29
54 30
54 33
54 34
54 38
54 42
54 45
54 47
54 52
54 53
54 54
54 55
54 57
54 64
54 65
54 66
54 68
54 69
54 73
54 77
55 3
55 4
55 5
55 7
55 8
55 9
55 11
55 14
55 15
55 19
55 21
55 25
55 26
55 27
55 31
55 34
55 37
55 43
55 44
55 45
55 47
55 56
55 59
55 63
55 67
55 71
55 73
55 74
55 79
56 2
56 3
56 4
56 5
56 6
56 7
56 8
56 9
56 12
56 16
56 17
56 20
56 21
56 22
56 23
56 25
56 30
56 35
56 38
56 40
56 41
56 43
56 47
56 49
56 57
56 64
56 65
56 73
56 75
56 77
56 78
57 0
57 9
57 19
57 26
57 28
57 32
57 36
57 38
57 42
57 43
57 47
57 53
57 56
57 57
57 58
57 59
57 61
57 62
57 63
57 67
57 68
57 72
57 73
57 76
57 78
58 1
58 5
58 6
58 7
58 9
58 12
58 13
58 14
58 22
58 24
58 26
58 27
58 30
58 34
58 37
58 40
58 42
58 43
58 46
58 51
58 55
58 58
58 61
58 64
58 70
58 71
58 73
58 74
58 76
58 77
59 1
59 6
59 8
59 10
59 11
59 12
59 13
59 14
59 16
59 19
59 25
59 26
59 28
59 34
59 37
59 41
59 43
59 44
59 47
59 50
59 56
59 66
59 72
59 73
59 74
59 75
59 78
60 0
60 2
60 6
60 8
60 9
60 11
60 18
60 22
60 24
60 26
60 27
60 28
60 30
60 31
60 33
60 34
60 41
60 43
60 50
60 52
60 53
60 55
60 57
60 58
60 60
60 66
60 73
60 74
60 77
60 78
61 1
61 3
61 4
61 5
61 8
61 11
61 12
61 14
61 16
61 17
61 27
61 28
61 30
61 33
61 35
61 40
61 44
61 45
61 46
61 47
61 52
61 53
61 59
61 60
61 67
61 69
61 71
61 72
61 74
61 78
61 79
62 2
62 4
62 6
62 8
62 10
62 12
62 15
62 16
62 20
62 21
62 25
62 29
62 32
62 36
62 40
62 47
62 48
62 50
62 51
62 56
62 58
62 60
62 64
62 66
62 67
62 73
62 75
62 76
62 78
62 79
63 2
63 4
63 6
63 12
63 13
63 14
63 15
63 16
63 22
63 25
63 27
63 33
63 34
63 36
63 37
63 39
63 40
63 43
63 44
63 45
63 49
63 54
63 58
63 60
63 61
63 62
63 63
63 64
63 68
63 69
63 76
64 0
64 4
64 5
64 7
64 10
64 11
64 17
64 20
64 24
64 25
64 29
64 31
64 33
64 37
64 44
64 50
64 51
64 62
64 63
64 65
64 67
64 68
64 77
65 1
65 2
65 6
65 7
65 8
65 10
65 11
65 14
65 15
65 16
65 17
65 20
65 21
65 23
65 26
65 29
65 30
65 31
65 33
65 34
65 37
65 38
65 39
65 40
65 43
65 44
65 46
65 47
65 48
65 50
65 54
65 55
65 57
65 59
65 60
65 64
65 65
65 67
65 68
65 72
65 74
65 76
65 79
66 1
66 3
66 5
66 7
66 8
66 10
66 11
66 12
66 15
66 17
66 19
66 21
66 23
66 24
66 27
66 29
66 30
66 33
66 40
66 43
66 44
66 47
66 48
66 50
66 53
66 56
66 58
66 59
66 62
66 67
66 68
66 70
66 72
66 79
67 0
67 1
67 2
67 8
67 13
67 15
67 17
67 18
67 19
67 21
67 22
67 23
67 24
67 25
67 26
67 27
67 30
67 31
67 33
67 34
67 39
67 41
67 43
67 45
67 46
67 47
67 49
67 51
67 52
67 54
67 58
67 61
67 62
67 63
67 65
67 67
67 69
67 70
67 72
67 73
68 0
68 2
68 3
68 5
68 7
68 8
68 11
68 13
68 16
68 21
68 22
68 23
68 26
68 31
68 32
68 36
68 37
68 41
68 44
68 45
68 48
68 51
68 55
68 56
68 58
68 67
68 68
68 70
68 73
68 78
69 4
69 9
69 11
69 13
69 16
69 17
69 20
69 21
69 24
69 26
69 30
69 31
69 32
69 33
69 34
69 35
69 36
69 37
69 39
69 42
69 43
69 46
69 52
69 54
69 55
69 56
69 57
69 59
69 61
69 62
69 64
69 65
69 68
69 70
69 72
69 78
69 79
70 0
70 3
70 5
70 7
70 9
70 10
70 11
70 12
70 13
70 15
70 16
70 17
70 19
70 20
70 24
70 27
70 28
70 31
70 33
70 35
70 40
70 41
70 43
70 46
70 51
70 52
70 55
70 57
70 58
70 59
70 72
70 73
70 76
70 77
70 79
71 4
71 6
71 9
71 14
71 15
71 16
71 18
71 21
71 25
71 28
71 33
71 36
71 38
71 39
71 46
71 49
71 50
71 53
71 58
71 61
71 64
71 65
71 73
71 76
71 77
71 78
72 1
72 2
72 5
72 8
72 9
72 13
72 15
72 16
72 17
72 18
72 20
72 27
72 29
72 30
72 32
72 33
72 35
72 40
72 43
72 48
72 53
72 56
72 58
72 60
72 61
72 62
72 65
72 66
72 67
72 71
72 73
72 75
72 77
72 78
73 3
73 5
73 8
73 13
73 14
73 18
73 19
73 21
73 22
73 23
73 24
73 26
73 28
73 30
73 32
73 33
73 36
73 40
73 42
73 43
73 44
73 45
73 47
73 48
73 49
73 56
73 59
73 60
73 69
73 71
73 72
73 77
73 79
74 0
74 2
74 4
74 6
74 9
74 11
74 13
74 15
74 16
74 23
74 26
74 29
74 33
74 34
74 35
74 36
74 38
74 50
74 51
74 52
74 54
74 57
74 59
74 60
74 64
74 66
74 67
74 75
74 76
75 0
75 1
75 3
75 4
75 5
75 6
75 12
75 15
75 18
75 19
75 25
75 28
75 29
75 34
75 35
75 36
75 38
75 40
75 42
75 44
75 45
75 48
75 49
75 54
75 55
75 64
75 69
75 70
75 71
75 72
75 73
75 74
75 75
75 79
76 4
76 10
76 12
76 13
76 14
76 16
76 18
76 19
76 20
76 23
76 25
76 30
76 35
76 38
76 40
76 41
76 46
76 48
76 50
76 52
76 53
76 54
76 55
76 57
76 59
76 61
76 68
76 69
76 72
76 75
76 76
77 1
77 3
77 5
77 8
77 11
77 14
77 16
77 19
77 20
77 24
77 26
77 31
77 40
77 42
77 44
77 45
77 48
77 51
77 52
77 53
77 56
77 59
77 61
77 63
77 68
77 71
77 73
77 79
78 1
78 2
78 4
78 5
78 9
78 10
78 11
78 12
78 13
78 14
78 15
78 16
78 17
78 18
78 19
78 20
78 21
78 24
78 29
78 35
78 37
78 38
78 40
78 43
78 45
78 49
78 51
78 52
78 53
78 54
78 57
78 61
78 62
78 63
78 65
78 67
78 70
78 73
78 76
78 78
79 2
79 4
79 9
79 12
79 15
79 16
79 17
79 18
79 28
79 36
79 38
79 40
79 45
79 48
79 53
79 60
79 62
79 63
79 68
79 69
79 71
79 73
79 76
80 1
80 3
80 4
80 6
80 7
80 10
80 14
80 15
80 16
80 21
80 24
80 25
80 27
80 30
80 31
80 36
80 40
80 41
80 42
80 45
80 46
80 49
80 50
80 54
80 55
80 57
80 61
80 65
80 67
80 70
80 71
80 76
81 0
81 2
81 3
81 4
81 6
81 9
81 10
81 11
81 12
81 17
81 20
81 22
81 23
81 27
81 29
81 31
81 33
81 34
81 36
81 37
81 39
81 41
81 46
81 47
81 50
81 52
81 54
81 57
81 61
81 62
81 66
81 68
81 71
81 72
81 74
81 77
82 0
82 1
82 3
82 5
82 6
82 8
82 10
82 12
82 19
82 20
82 23
82 24
82 26
82 28
82 30
82 31
82 35
82 37
82 38
82 41
82 43
82 44
82 45
82 50
82 54
82 55
82 56
82 58
82 59
82 60
82 61
82 63
82 64
82 68
82 72
82 74
82 75
82 76
82 78
83 3
83 4
83 5
83 6
83 8
83 9
83 11
83 12
83 13
83 14
83 15
83 16
83 20
83 23
83 24
83 25
83 27
83 28
83 31
83 33
83 35
83 36
83 37
83 40
83 41
83 42
83 44
83 46
83 48
83 51
83 54
83 56
83 57
83 60
83 62
83 69
83 73
83 74
83 76
83 77
83 79
84 2
84 10
84 14
84 15
84 16
84 18
84 19
84 20
84 22
84 25
84 28
84 29
84 32
84 34
84 37
84 44
84 45
84 47
84 49
84 51
84 52
84 53
84 54
84 56
84 57
84 58
84 60
84 62
84 63
84 64
84 68
84 71
84 72
84 73
84 74
84 75
84 78
84 79
85 0
85 2
85 3
85 4
85 7
85 8
85 11
85 13
85 17
85 19
85 25
85 33
85 34
85 35
85 39
85 41
85 42
85 48
85 50
85 55
85 60
85 63
85 64
85 65
85 67
85 68
85 69
85 70
85 74
85 77
85 79
86 1
86 2
86 4
86 5
86 9
86 13
86 16
86 21
86 22
86 23
86 26
86 27
86 30
86 34
86 36
86 38
86 42
86 44
86 45
86 48
86 49
86 50
86 51
86 52
86 53
86 54
86 57
86 58
86 60
86 61
86 64
86 65
86 66
86 70
86 73
86 74
86 75
86 76
86 77
86 79
87 0
87 4
87 5
87 7
87 8
87 9
87 10
87 11
87 13
87 17
87 24
87 30
87 31
87 33
87 37
87 43
87 46
87 49
87 61
87 62
87 69
87 70
87 71
87 76
87 77
87 78
88 4
88 5
88 7
88 8
88 18
88 21
88 22
88 24
88 25
88 28
88 29
88 31
88 32
88 33
88 35
88 36
88 38
88 40
88 45
88 51
88 52
88 56
88 57
88 59
88 61
88 62
88 65
88 70
88 71
88 77
88 78
88 79
89 1
89 4
89 5
89 7
89 9
89 15
89 18
89 25
89 26
89 27
89 28
89 29
89 35
89 36
89 42
89 48
89 50
89 56
89 58
89 60
89 63
89 67
89 69
89 70
89 71
89 74
89 75
89 78
90 0
90 1
90 2
90 5
90 9
90 11
90 13
90 14
90 15
90 16
90 17
90 21
90 24
90 25
90 27
90 36
90 37
90 40
90 45
90 46
90 50
90 51
90 52
90 56
90 57
90 59
90 63
90 67
90 69
90 71
90 72
90 74
90 76
90 78
91 3
91 4
91 6
91 7
91 8
91 10
91 12
91 13
91 17
91 20
91 21
91 24
91 25
91 29
91 32
91 35
91 36
91 38
91 39
91 41
91 42
91 45
91 46
91 47
91 56
91 61
91 66
91 67
91 69
91 71
91 72
91 73
91 75
91 77
91 78
92 1
92 2
92 5
92 7
92 8
92 11
92 13
92 15
92 20
92 21
92 22
92 25
92 27
92 29
92 32
92 33
92 34
92 36
92 39
92 40
92 41
92 42
92 44
92 45
92 46
92 50
92 51
92 55
92 58
92 64
92 69
92 70
92 71
92 78
93 2
93 3
93 8
93 9
93 10
93 17
93 19
93 20
93 22
93 23
93 24
93 28
93 32
93 33
93 34
93 38
93 39
93 43
93 44
93 45
93 47
93 49
93 50
93 57
93 59
93 60
93 64
93 66
93 67
93 73
93 74
93 79
94 0
94 6
94 18
94 19
94 22
94 25
94 26
94 35
94 36
94 37
94 38
94 39
94 40
94 41
94 42
94 44
94 45
94 46
94 49
94 51
94 54
94 56
94 62
94 63
94 65
94 69
94 70
94 73
94 75
95 1
95 5
95 6
95 7
95 9
95 10
95 12
95 15
95 17
95 19
95 20
95 22
95 24
95 25
95 26
95 28
95 34
95 37
95 41
95 42
95 44
95 46
95 48
95 50
95 53
95 57
95 62
95 64
95 67
95 70
95 71
95 76
96 0
96 2
96 6
96 7
96 9
96 12
96 15
96 17
96 18
96 24
96 31
96 33
96 35
96 39
96 41
96 45
96 46
96 49
96 51
96 53
96 58
96 65
96 67
96 69
96 70
96 73
96 75
96 76
97 0
97 14
97 16
97 18
97 22
97 23
97 24
97 25
97 27
97 35
97 40
97 45
97 51
97 52
97 56
97 57
97 58
97 62
97 63
97 64
97 66
97 67
97 68
97 70
97 71
97 72
97 73
97 75
97 77
97 79
98 0
98 4
98 5
98 6
98 7
98 10
98 11
98 15
98 16
98 21
98 22
98 23
98 24
98 25
98 26
98 34
98 36
98 37
98 38
98 42
98 43
98 46
98 48
98 50
98 52
98 56
98 59
98 60
98 65
98 68
98 75
98 76
99 1
99 12
99 13
99 14
99 16
99 17
99 18
99 20
99 21
99 24
99 26
99 27
99 29
99 31
99 35
99 37
99 38
99 40
99 43
99 44
99 48
99 52
99 53
99 55
99 59
99 60
99 62
99 65
99 66
99 68
99 72
99 73
99 74
99 76
99 79
